../images/pic_dolls/new/img10.jpg 115,46,351,350,0
../images/pic_dolls/new/img100.jpg 15,5,173,187,0 40,221,158,412,1 218,13,400,187,3 239,227,380,409,2
../images/pic_dolls/new/img101.jpg 211,86,364,342,2 53,107,230,340,3
../images/pic_dolls/new/img102.jpg 52,1,206,324,2 161,1,365,374,3
../images/pic_dolls/new/img103.jpg 52,41,226,384,2 202,63,365,307,3
../images/pic_dolls/new/img105.jpg 162,249,400,415,3 231,1,333,246,2 13,1,182,230,0 30,235,154,416,1
../images/pic_dolls/new/img106.jpg 287,90,413,317,1 175,148,361,355,0 5,152,192,352,3 129,43,267,307,2
../images/pic_dolls/new/img108.jpg 1,53,198,386,2 180,16,416,411,1
../images/pic_dolls/new/img109.jpg 109,72,303,395,1
../images/pic_dolls/new/img11.jpg 39,1,387,415,0
../images/pic_dolls/new/img111.jpg 208,47,347,308,1 103,45,282,382,0
../images/pic_dolls/new/img112.jpg 242,124,410,348,0 11,99,167,349,1 114,102,284,307,3 232,61,336,222,2
../images/pic_dolls/new/img115.jpg 57,70,223,332,1 192,69,387,348,0
../images/pic_dolls/new/img116.jpg 158,55,387,353,0 44,45,224,342,1
../images/pic_dolls/new/img117.jpg 188,101,394,329,0 220,50,333,123,0 1,72,203,355,1
../images/pic_dolls/new/img119.jpg 152,5,388,415,1 6,26,182,395,1 225,1,365,121,1 135,66,205,156,1 1,46,98,416,0
../images/pic_dolls/new/img12.jpg 128,97,306,336,0
../images/pic_dolls/new/img120.jpg 51,12,304,383,1 210,131,363,390,1
../images/pic_dolls/new/img121.jpg 129,42,299,328,1
../images/pic_dolls/new/img123.jpg 69,14,358,396,1
../images/pic_dolls/new/img124.jpg 213,33,397,342,1 13,31,238,395,0
../images/pic_dolls/new/img125.jpg 193,109,360,352,0 86,60,275,316,1
../images/pic_dolls/new/img126.jpg 237,169,416,277,1 142,94,236,256,1 11,109,168,305,0 83,210,260,336,0
../images/pic_dolls/new/img127.jpg 12,24,272,392,0 243,128,366,385,1
../images/pic_dolls/new/img128.jpg 233,76,391,341,1 17,98,232,337,0
../images/pic_dolls/new/img129.jpg 144,98,296,296,1 35,55,258,384,0
../images/pic_dolls/new/img13.jpg 1,74,404,412,0
../images/pic_dolls/new/img130.jpg 247,266,404,384,0 33,280,187,360,0 14,51,134,185,0 234,50,335,183,0 319,42,400,178,1 103,34,200,177,1
../images/pic_dolls/new/img132.jpg 262,168,386,353,2 157,120,258,341,0 42,136,156,325,1
../images/pic_dolls/new/img133.jpg 201,111,351,341,0 106,85,256,325,2 1,90,137,292,3 312,137,410,291,1
../images/pic_dolls/new/img134.jpg 93,233,194,382,1 37,113,225,380,0 185,134,393,382,3 109,24,274,166,2
../images/pic_dolls/new/img135.jpg 204,191,362,372,2 168,64,296,261,1 57,166,214,358,0
../images/pic_dolls/new/img137.jpg 292,80,416,275,1 202,103,308,273,0 122,121,214,250,3 18,119,133,283,2
../images/pic_dolls/new/img138.jpg 207,140,306,271,2 199,100,251,139,2 130,91,181,141,3 49,82,121,140,1 1,109,103,287,1 106,136,210,322,3 300,134,407,270,0
../images/pic_dolls/new/img139.jpg 54,1,252,320,2 192,1,364,301,2
../images/pic_dolls/new/img14.jpg 143,86,305,335,0
../images/pic_dolls/new/img140.jpg 284,27,362,183,0 211,197,363,397,3 52,251,192,394,2 120,35,248,209,1
../images/pic_dolls/new/img141.jpg 139,225,185,332,1 188,231,229,331,2 233,231,277,333,0
../images/pic_dolls/new/img143.jpg 36,1,287,406,1
../images/pic_dolls/new/img144.jpg 237,170,416,276,1 143,95,234,256,1 9,103,171,305,0 83,208,259,336,0
../images/pic_dolls/new/img146.jpg 171,306,231,393,0 175,332,208,389,1 160,163,208,243,1 158,183,263,250,0 165,62,197,126,1 217,57,246,106,1 219,42,287,126,0 156,41,215,121,0
../images/pic_dolls/new/img147.jpg 23,189,285,350,0 188,116,382,299,1
../images/pic_dolls/new/img148.jpg 122,159,258,365,1 1,191,151,391,0 210,184,298,342,2 279,185,416,379,3
../images/pic_dolls/new/img15.jpg 169,21,250,123,0 180,128,241,236,0 170,243,242,347,0
../images/pic_dolls/new/img150.jpg 79,163,225,327,0 231,135,402,320,2 169,80,297,308,1 8,139,122,316,3
../images/pic_dolls/new/img151.jpg 26,56,375,362,1
../images/pic_dolls/new/img153.jpg 69,73,232,230,3 219,51,324,235,1
../images/pic_dolls/new/img154.jpg 99,48,327,343,3
../images/pic_dolls/new/img155.jpg 131,19,399,396,1 11,60,252,354,2
../images/pic_dolls/new/img156.jpg 40,71,182,241,2 139,81,299,256,0 201,27,385,223,1 281,255,414,408,1 195,267,295,406,2 85,275,225,405,0 2,250,141,392,3
../images/pic_dolls/new/img157.jpg 212,142,283,284,1 273,138,335,281,0 329,170,416,294,0
../images/pic_dolls/new/img158.jpg 213,109,332,305,1 74,132,205,311,1
../images/pic_dolls/new/img159.jpg 228,1,355,200,1 92,14,239,218,2 10,192,227,415,3 218,187,396,415,0
../images/pic_dolls/new/img162.jpg 5,58,225,350,0 201,36,416,376,2
../images/pic_dolls/new/img163.jpg 83,8,334,407,2
../images/pic_dolls/new/img164.jpg 130,42,268,306,2 4,151,191,351,3 174,152,360,357,0 287,91,413,316,1
../images/pic_dolls/new/img165.jpg 67,42,345,410,2
../images/pic_dolls/new/img166.jpg 233,1,337,247,2 165,248,399,416,3 31,235,154,416,1 17,3,182,229,0
../images/pic_dolls/new/img167.jpg 92,2,327,406,2
../images/pic_dolls/new/img168.jpg 48,35,342,375,2
../images/pic_dolls/new/img17.jpg 85,128,337,322,0 39,258,77,324,4 73,260,113,298,4 140,269,171,294,4 181,268,217,295,4 278,254,315,287,4 396,249,416,281,8
../images/pic_dolls/new/img170.jpg 26,5,391,399,2
../images/pic_dolls/new/img171.jpg 144,71,263,339,2
../images/pic_dolls/new/img174.jpg 93,5,324,412,2
../images/pic_dolls/new/img176.jpg 81,39,339,377,2
../images/pic_dolls/new/img177.jpg 70,33,303,377,2
../images/pic_dolls/new/img178.jpg 83,11,341,402,2
../images/pic_dolls/new/img180.jpg 146,95,284,325,2
../images/pic_dolls/new/img181.jpg 85,4,320,409,2
../images/pic_dolls/new/img182.jpg 116,37,338,370,2
../images/pic_dolls/new/img183.jpg 99,3,333,414,2
../images/pic_dolls/new/img185.jpg 81,31,340,415,2
../images/pic_dolls/new/img187.jpg 97,20,345,385,2
../images/pic_dolls/new/img188.jpg 32,55,321,344,2
../images/pic_dolls/new/img189.jpg 72,50,348,363,2
../images/pic_dolls/new/img190.jpg 31,55,324,346,2
../images/pic_dolls/new/img192.jpg 145,71,261,341,2
../images/pic_dolls/new/img194.jpg 257,283,366,409,2 316,173,415,284,0 238,172,314,275,1 130,52,279,167,3
../images/pic_dolls/new/img195.jpg 8,182,151,329,3 139,156,280,328,0 70,72,188,163,1 217,119,314,274,2
../images/pic_dolls/new/img196.jpg 104,63,292,356,2
../images/pic_dolls/new/img197.jpg 224,100,339,280,2 55,45,188,152,1 1,174,145,344,3 132,143,297,345,0
../images/pic_dolls/new/img199.jpg 296,138,416,300,3 206,114,311,271,2 153,139,232,265,1 84,124,177,254,0
../images/pic_dolls/new/img2.jpg 80,21,330,381,0
../images/pic_dolls/new/img20.jpg 1,143,205,346,0 121,69,395,334,0
../images/pic_dolls/new/img200.jpg 297,102,409,253,0 169,152,290,300,3 246,139,319,266,1 1,126,114,285,2
../images/pic_dolls/new/img201.jpg 153,168,228,298,1 121,119,191,227,0 211,137,303,294,3 269,155,405,350,2
../images/pic_dolls/new/img202.jpg 89,13,337,403,2
../images/pic_dolls/new/img203.jpg 79,42,364,382,2
../images/pic_dolls/new/img204.jpg 298,217,389,349,1 244,198,329,308,0 166,195,255,298,2 32,241,184,362,3 33,153,178,263,3 102,91,190,203,0 178,65,273,210,1 255,101,365,216,2
../images/pic_dolls/new/img206.jpg 106,75,350,414,2
../images/pic_dolls/new/img207.jpg 2,117,126,318,2 123,176,243,330,0 232,80,311,257,1 257,182,413,333,3
../images/pic_dolls/new/img208.jpg 1,177,145,344,3 130,144,295,347,0 53,45,188,151,1 224,100,337,279,2
../images/pic_dolls/new/img209.jpg 181,128,343,413,2 106,147,283,403,0 37,130,163,388,3
../images/pic_dolls/new/img21.jpg 222,122,409,355,2 85,97,260,351,0
../images/pic_dolls/new/img212.jpg 284,148,351,269,3 222,126,317,272,2 154,139,253,277,0 78,174,161,295,1
../images/pic_dolls/new/img213.jpg 162,138,341,354,0 11,165,181,343,3 4,204,95,334,1 110,48,278,272,2
../images/pic_dolls/new/img214.jpg 6,1,261,176,3 85,188,215,400,2 242,221,361,415,1 268,1,408,213,0
../images/pic_dolls/new/img215.jpg 4,136,154,276,3 133,85,257,271,0 232,66,337,259,1 283,78,416,301,2
../images/pic_dolls/new/img216.jpg 87,48,366,385,0 260,88,359,204,1
../images/pic_dolls/new/img217.jpg 20,86,245,315,1 61,19,409,391,0
../images/pic_dolls/new/img219.jpg 28,155,171,343,2 152,125,299,330,0 262,135,386,369,1
../images/pic_dolls/new/img22.jpg 69,233,179,390,1 1,291,76,389,3 142,319,221,399,1 152,63,416,414,0 45,178,198,397,0
../images/pic_dolls/new/img220.jpg 62,264,179,394,0
../images/pic_dolls/new/img222.jpg 61,121,183,320,2 163,177,291,316,3 270,135,416,291,0
../images/pic_dolls/new/img223.jpg 128,98,288,315,0 15,92,155,291,2 260,133,413,345,3
../images/pic_dolls/new/img224.jpg 10,58,175,342,1 99,115,259,362,0 236,108,379,357,2
../images/pic_dolls/new/img225.jpg 8,8,97,143,2 23,190,120,358,1 136,160,286,278,3 210,11,296,142,0
../images/pic_dolls/new/img226.jpg 1,1,140,207,1 140,15,277,220,3 269,13,414,212,2
../images/pic_dolls/new/img227.jpg 128,8,322,395,2
../images/pic_dolls/new/img228.jpg 120,27,363,378,2
../images/pic_dolls/new/img23.jpg 34,183,379,392,0 161,67,355,217,0
../images/pic_dolls/new/img230.jpg 155,115,268,315,2
../images/pic_dolls/new/img231.jpg 153,122,265,307,2
../images/pic_dolls/new/img232.jpg 94,113,268,297,2
../images/pic_dolls/new/img233.jpg 118,114,272,311,2
../images/pic_dolls/new/img234.jpg 50,152,227,310,2 107,150,190,228,0 206,98,289,256,0 124,90,191,173,0 359,113,416,206,0 292,91,373,203,2 6,91,125,186,2
../images/pic_dolls/new/img236.jpg 147,52,385,318,2
../images/pic_dolls/new/img237.jpg 155,143,272,273,2
../images/pic_dolls/new/img238.jpg 154,131,343,304,2
../images/pic_dolls/new/img242.jpg 68,74,289,190,2
../images/pic_dolls/new/img244.jpg 226,130,386,323,2
../images/pic_dolls/new/img245.jpg 77,111,213,303,2
../images/pic_dolls/new/img246.jpg 120,86,298,363,2
../images/pic_dolls/new/img248.jpg 80,176,156,281,2
../images/pic_dolls/new/img249.jpg 111,310,270,387,2 114,8,273,165,0 108,190,248,286,3 278,50,356,156,1
../images/pic_dolls/new/img25.jpg 13,107,411,323,0
../images/pic_dolls/new/img250.jpg 72,91,348,365,2
../images/pic_dolls/new/img251.jpg 148,125,271,267,2 19,124,155,265,0 267,125,393,270,1
../images/pic_dolls/new/img252.jpg 87,191,192,300,1 171,227,263,343,0 261,187,368,295,2
../images/pic_dolls/new/img253.jpg 29,97,375,332,2
../images/pic_dolls/new/img254.jpg 69,22,320,382,2
../images/pic_dolls/new/img257.jpg 254,24,348,69,2 79,13,175,69,0
../images/pic_dolls/new/img258.jpg 91,58,198,203,0 109,203,170,351,1 203,61,289,204,2 183,215,325,339,3
../images/pic_dolls/new/img259.jpg 45,86,244,394,0 216,110,370,367,1
../images/pic_dolls/new/img26.jpg 42,55,376,357,0
../images/pic_dolls/new/img260.jpg 150,100,241,193,0 141,177,313,397,3 265,120,411,295,2 67,143,205,374,1
../images/pic_dolls/new/img263.jpg 197,55,320,159,2 22,119,202,314,0
../images/pic_dolls/new/img264.jpg 95,54,303,362,2
../images/pic_dolls/new/img266.jpg 1,102,408,301,2
../images/pic_dolls/new/img268.jpg 115,96,297,302,2
../images/pic_dolls/new/img269.jpg 45,79,335,326,2
../images/pic_dolls/new/img27.jpg 243,221,347,377,0 59,224,171,378,0 71,50,182,200,0 230,32,378,204,0
../images/pic_dolls/new/img270.jpg 36,43,381,366,2
../images/pic_dolls/new/img271.jpg 18,88,400,327,2
../images/pic_dolls/new/img272.jpg 40,17,401,343,2
../images/pic_dolls/new/img273.jpg 1,141,233,277,2 225,105,394,248,3 176,104,253,198,0
../images/pic_dolls/new/img274.jpg 52,76,365,342,0
../images/pic_dolls/new/img275.jpg 79,16,390,210,0 7,182,312,405,3
../images/pic_dolls/new/img277.jpg 143,61,238,217,0 223,126,272,220,2 252,124,336,231,3 143,245,233,348,3 121,225,168,317,3 217,246,279,318,0 79,274,151,389,2 237,256,326,388,0 100,84,161,188,0
../images/pic_dolls/new/img279.jpg 1,120,82,277,0 73,135,201,276,0 176,129,307,279,0 290,117,416,274,0
../images/pic_dolls/new/img28.jpg 120,95,285,325,0
../images/pic_dolls/new/img280.jpg 78,32,221,238,0 170,162,255,281,3 222,78,355,274,2
../images/pic_dolls/new/img281.jpg 91,66,318,385,2
../images/pic_dolls/new/img282.jpg 316,187,366,259,2 275,170,328,246,1 214,172,273,253,3 163,173,227,250,0
../images/pic_dolls/new/img283.jpg 125,157,183,233,0 184,152,245,232,1 76,142,130,234,2 134,215,223,293,3
../images/pic_dolls/new/img284.jpg 64,99,186,323,3 297,108,416,321,2 180,153,338,348,1 1,172,154,348,0
../images/pic_dolls/new/img287.jpg 243,121,416,337,2 79,128,273,321,0 1,146,101,325,1
../images/pic_dolls/new/img288.jpg 116,183,223,343,1 187,191,293,373,3 283,198,376,341,0 200,60,319,214,2
../images/pic_dolls/new/img289.jpg 247,121,416,340,2 212,92,303,194,0 288,85,351,199,0 125,88,214,194,0 31,92,167,284,1 1,173,119,311,3
../images/pic_dolls/new/img29.jpg 185,105,382,353,10 186,77,293,201,10 25,71,199,281,0 135,306,194,346,0
../images/pic_dolls/new/img291.jpg 208,120,299,276,3 292,122,413,282,1 113,125,218,284,2 16,136,139,300,0
../images/pic_dolls/new/img292.jpg 159,160,281,325,0 220,117,324,315,3 99,135,193,300,1 2,126,127,302,2
../images/pic_dolls/new/img294.jpg 263,67,416,331,2 138,149,305,355,3 7,63,171,309,0
../images/pic_dolls/new/img296.jpg 90,68,317,386,2
../images/pic_dolls/new/img297.jpg 253,63,345,209,2 49,25,181,237,2 170,277,268,366,2
../images/pic_dolls/new/img299.jpg 183,136,404,380,2 1,114,212,380,0
../images/pic_dolls/new/img3.jpg 44,15,353,402,0
../images/pic_dolls/new/img30.jpg 98,95,317,352,0
../images/pic_dolls/new/img300.jpg 256,147,362,317,0
../images/pic_dolls/new/img302.jpg 111,246,167,350,1 150,236,238,347,0 231,230,303,345,2 291,248,371,340,3
../images/pic_dolls/new/img303.jpg 247,170,333,278,3 214,171,263,270,1 156,151,244,283,2 49,161,170,297,0
../images/pic_dolls/new/img304.jpg 183,155,320,338,0 83,142,205,318,2 301,177,405,336,1 3,176,124,317,3
../images/pic_dolls/new/img305.jpg 247,110,360,258,3 176,134,263,241,1 131,232,270,415,2 119,105,221,247,0
../images/pic_dolls/new/img307.jpg 261,35,416,227,1 191,200,416,395,3 99,179,238,401,2 1,15,143,205,0
../images/pic_dolls/new/img309.jpg 3,25,414,389,3
../images/pic_dolls/new/img31.jpg 47,53,316,362,0
../images/pic_dolls/new/img311.jpg 57,88,361,317,3
../images/pic_dolls/new/img312.jpg 72,2,360,404,3
../images/pic_dolls/new/img313.jpg 1,51,367,363,3
../images/pic_dolls/new/img314.jpg 86,14,326,395,3
../images/pic_dolls/new/img315.jpg 17,38,398,378,3
../images/pic_dolls/new/img316.jpg 37,20,396,381,3
../images/pic_dolls/new/img318.jpg 47,4,392,386,3
../images/pic_dolls/new/img319.jpg 27,86,390,326,3
../images/pic_dolls/new/img32.jpg 114,167,266,316,0
../images/pic_dolls/new/img320.jpg 2,57,413,369,3
../images/pic_dolls/new/img321.jpg 80,10,331,371,3
../images/pic_dolls/new/img323.jpg 114,95,311,324,3
../images/pic_dolls/new/img324.jpg 10,13,412,382,3
../images/pic_dolls/new/img326.jpg 52,65,351,315,3
../images/pic_dolls/new/img327.jpg 28,78,394,330,3
../images/pic_dolls/new/img328.jpg 13,66,405,347,3
../images/pic_dolls/new/img329.jpg 13,12,404,395,3
../images/pic_dolls/new/img33.jpg 171,87,297,257,0
../images/pic_dolls/new/img330.jpg 27,100,397,321,3
../images/pic_dolls/new/img331.jpg 67,19,351,361,3
../images/pic_dolls/new/img332.jpg 55,47,406,387,3
../images/pic_dolls/new/img333.jpg 39,7,328,393,3
../images/pic_dolls/new/img334.jpg 57,4,357,413,3
../images/pic_dolls/new/img335.jpg 1,80,416,333,3
../images/pic_dolls/new/img336.jpg 30,113,386,310,3
../images/pic_dolls/new/img338.jpg 167,23,402,366,0 1,107,203,394,3
../images/pic_dolls/new/img339.jpg 19,7,400,410,3
../images/pic_dolls/new/img34.jpg 269,190,352,259,0 212,170,296,257,0 203,261,259,309,0 126,245,193,286,0 134,220,173,245,0 131,195,162,223,0 69,201,96,218,0 105,199,124,221,0
../images/pic_dolls/new/img342.jpg 112,28,320,317,3
../images/pic_dolls/new/img344.jpg 107,41,357,416,3
../images/pic_dolls/new/img345.jpg 80,51,349,392,3
../images/pic_dolls/new/img347.jpg 42,47,347,381,3
../images/pic_dolls/new/img348.jpg 17,38,401,380,3
../images/pic_dolls/new/img349.jpg 13,65,405,347,3
../images/pic_dolls/new/img35.jpg 67,121,314,243,0 150,284,381,396,0
../images/pic_dolls/new/img350.jpg 74,65,355,355,3
../images/pic_dolls/new/img351.jpg 73,132,261,369,3
../images/pic_dolls/new/img352.jpg 115,120,326,319,3
../images/pic_dolls/new/img353.jpg 161,206,232,291,3 126,136,197,236,3 11,155,88,237,3 313,144,383,239,0 277,153,306,181,0 210,161,239,185,0 73,166,94,194,0
../images/pic_dolls/new/img355.jpg 68,54,360,362,3
../images/pic_dolls/new/img357.jpg 247,82,381,324,3 150,182,305,364,1 1,134,181,363,0 124,85,245,304,2
../images/pic_dolls/new/img359.jpg 238,117,338,346,2 190,81,267,345,3 107,79,235,347,0
../images/pic_dolls/new/img360.jpg 310,136,407,353,0 208,116,275,337,3 82,117,181,342,2
../images/pic_dolls/new/img361.jpg 8,28,297,365,2
../images/pic_dolls/new/img362.jpg 138,126,213,362,2 218,138,322,363,0 304,157,403,363,1 51,137,165,363,3
../images/pic_dolls/new/img363.jpg 66,49,316,357,0
../images/pic_dolls/new/img365.jpg 137,90,379,364,2
../images/pic_dolls/new/img366.jpg 154,83,319,330,1 35,127,179,323,3
../images/pic_dolls/new/img367.jpg 229,139,397,334,3 168,52,276,304,1 19,84,198,330,2
../images/pic_dolls/new/img37.jpg 138,184,412,378,0 1,104,175,341,0
../images/pic_dolls/new/img370.jpg 182,122,410,326,3 42,70,169,334,1
../images/pic_dolls/new/img371.jpg 223,91,337,240,3 9,64,136,245,1
../images/pic_dolls/new/img372.jpg 1,136,227,338,3 201,32,416,321,0
../images/pic_dolls/new/img373.jpg 21,59,338,329,3 234,153,402,333,3
../images/pic_dolls/new/img374.jpg 15,38,246,232,3 170,207,367,353,3
../images/pic_dolls/new/img376.jpg 107,68,319,357,3
../images/pic_dolls/new/img377.jpg 214,117,341,263,3 67,97,195,282,1
../images/pic_dolls/new/img378.jpg 1,151,157,349,0 127,118,267,324,1 216,144,305,304,2 285,147,416,341,3
../images/pic_dolls/new/img380.jpg 13,130,152,300,0 90,121,274,320,2 256,149,399,320,3 1,122,44,178,0
../images/pic_dolls/new/img381.jpg 317,40,409,138,8 331,156,415,252,8 319,279,413,384,8 138,75,246,172,6 129,168,250,269,6 148,296,266,394,6 1,81,75,168,0 8,182,85,257,0 34,274,105,351,0
../images/pic_dolls/new/img382.jpg 84,45,139,101,0 12,53,72,104,0 21,131,89,191,0 81,128,155,187,0 38,217,125,281,0 117,216,173,282,0 96,302,148,373,0 15,300,105,371,0 140,309,263,395,10 170,212,258,294,10 147,118,235,193,10 128,22,208,99,10
../images/pic_dolls/new/img384.jpg 340,64,406,135,0 280,10,359,88,0 286,72,357,131,0 187,80,300,156,0 200,27,265,80,0 142,21,201,80,0 123,69,193,138,0 59,13,125,80,0 63,72,129,144,0 6,67,67,135,0 244,286,351,352,6 1,278,143,367,6 11,320,71,382,6 69,335,136,403,6 119,268,213,349,6 191,270,251,331,6 127,337,229,414,6 204,330,295,414,6 266,334,356,413,6 344,317,401,402,6 320,267,401,329,6
../images/pic_dolls/new/img387.jpg 27,102,335,337,3
../images/pic_dolls/new/img388.jpg 7,45,390,330,3
../images/pic_dolls/new/img39.jpg 1,56,347,364,0 352,264,416,365,2
../images/pic_dolls/new/img391.jpg 81,100,162,180,0 137,146,301,383,2 265,156,382,311,3 1,147,146,360,1
../images/pic_dolls/new/img392.jpg 187,132,375,325,3 7,53,214,358,3
../images/pic_dolls/new/img394.jpg 137,55,277,206,3 9,39,169,236,1 260,51,363,223,2 120,143,305,370,0
../images/pic_dolls/new/img395.jpg 288,1,416,217,0 78,7,310,414,3 123,1,293,62,3
../images/pic_dolls/new/img398.jpg 81,55,354,363,3
../images/pic_dolls/new/img399.jpg 35,23,387,365,3
../images/pic_dolls/new/img4.jpg 193,27,416,114,0 6,16,213,113,0 3,135,207,241,0 191,132,416,260,0 285,252,370,331,0 355,302,415,382,0 294,315,366,376,0 199,269,290,350,0 190,335,310,413,0 144,255,206,317,0 131,312,198,385,0 57,253,128,324,0 62,317,131,399,0 4,303,66,384,0
../images/pic_dolls/new/img40.jpg 71,13,338,407,0
../images/pic_dolls/new/img400.jpg 79,93,299,357,3
../images/pic_dolls/new/img402.jpg 43,2,376,405,4
../images/pic_dolls/new/img403.jpg 13,1,239,404,4 182,11,383,406,5
../images/pic_dolls/new/img405.jpg 207,98,399,301,4 12,96,205,300,5
../images/pic_dolls/new/img407.jpg 222,112,355,325,4 51,106,217,322,5
../images/pic_dolls/new/img408.jpg 114,95,220,202,5 207,89,310,202,4
../images/pic_dolls/new/img41.jpg 71,68,329,380,0
../images/pic_dolls/new/img410.jpg 105,15,316,367,4
../images/pic_dolls/new/img412.jpg 180,57,348,314,4 12,30,200,320,5
../images/pic_dolls/new/img413.jpg 84,8,278,405,4
../images/pic_dolls/new/img414.jpg 142,67,287,331,4
../images/pic_dolls/new/img415.jpg 116,60,235,252,4
../images/pic_dolls/new/img416.jpg 85,1,281,406,4
../images/pic_dolls/new/img418.jpg 103,26,329,393,4
../images/pic_dolls/new/img42.jpg 26,74,394,367,0
../images/pic_dolls/new/img421.jpg 134,111,268,335,4 21,100,143,327,5 262,106,393,323,5
../images/pic_dolls/new/img422.jpg 260,95,412,359,5 4,108,151,352,5 123,148,291,352,4
../images/pic_dolls/new/img423.jpg 173,28,394,286,4 42,1,299,374,5
../images/pic_dolls/new/img425.jpg 211,114,320,337,4 118,85,277,338,5
../images/pic_dolls/new/img426.jpg 69,65,221,337,5 191,74,340,337,4 296,77,393,288,4
../images/pic_dolls/new/img428.jpg 112,52,289,363,4
../images/pic_dolls/new/img430.jpg 88,71,233,376,4 213,50,340,387,5
../images/pic_dolls/new/img431.jpg 134,41,355,405,4 1,20,214,392,5
../images/pic_dolls/new/img432.jpg 22,2,194,378,5 163,11,349,367,4
../images/pic_dolls/new/img435.jpg 180,76,284,198,5
../images/pic_dolls/new/img438.jpg 1,94,161,392,4 127,85,287,383,5 266,94,416,390,5
../images/pic_dolls/new/img439.jpg 27,165,173,412,5 242,209,342,380,5 188,103,272,223,4 155,242,264,416,5 291,184,416,415,4 212,21,395,270,4 91,17,246,291,5
../images/pic_dolls/new/img44.jpg 227,169,379,400,0 62,71,273,371,0
../images/pic_dolls/new/img440.jpg 266,149,416,394,5 200,239,297,391,5 93,240,191,370,5 1,184,131,365,4 102,96,189,217,5 151,34,310,283,5 313,79,411,163,5
../images/pic_dolls/new/img441.jpg 16,54,250,394,5 195,47,409,378,4
../images/pic_dolls/new/img443.jpg 167,28,416,359,5 1,37,215,361,4
../images/pic_dolls/new/img446.jpg 189,102,415,343,4 1,87,262,335,5
../images/pic_dolls/new/img447.jpg 211,30,364,380,5 51,44,238,371,4
../images/pic_dolls/new/img448.jpg 40,1,397,395,4 1,23,204,368,5
../images/pic_dolls/new/img449.jpg 231,52,367,206,5 134,72,243,218,4 19,51,152,212,3 10,208,134,390,2 278,202,399,392,0 113,192,259,397,1
../images/pic_dolls/new/img450.jpg 318,234,413,355,2 202,207,322,354,5 91,218,203,351,4 2,220,98,350,0 14,96,183,222,6 154,75,270,223,1 258,107,366,225,3
../images/pic_dolls/new/img454.jpg 28,31,207,373,5 205,29,378,379,5
../images/pic_dolls/new/img457.jpg 125,2,339,395,4
../images/pic_dolls/new/img459.jpg 115,1,290,412,4
../images/pic_dolls/new/img461.jpg 285,115,400,301,11 4,120,122,302,8 96,117,213,287,5 207,112,312,287,4
../images/pic_dolls/new/img462.jpg 33,165,111,233,5 114,170,222,250,4 227,190,282,234,8 307,225,362,252,11 332,245,416,324,1 256,246,355,325,3 208,232,271,326,7 149,238,214,325,7 80,225,160,324,0 23,224,88,323,2
../images/pic_dolls/new/img463.jpg 22,186,90,305,2 80,185,161,312,0 146,198,212,311,7 209,194,272,310,7 257,200,354,317,3 319,205,416,331,1 303,148,366,213,11 230,148,281,195,8 111,128,223,207,4 33,127,111,196,5
../images/pic_dolls/new/img464.jpg 11,228,76,308,7 67,142,116,203,7 120,180,183,268,4 163,235,236,314,5 234,193,308,280,2 282,125,343,196,3 153,80,197,158,8 181,85,235,166,11 295,210,350,300,1 344,181,397,249,0
../images/pic_dolls/new/img465.jpg 270,166,351,257,7 339,189,402,305,7 210,213,254,284,5 166,220,205,285,4 144,168,171,212,8 20,156,97,277,8
../images/pic_dolls/new/img466.jpg 258,205,310,290,8 298,206,347,285,11 355,197,413,294,7 8,206,72,303,7 64,182,178,373,4 165,189,255,340,5
../images/pic_dolls/new/img468.jpg 265,220,353,364,8 202,218,271,360,11 122,225,198,360,4 61,222,132,348,5
../images/pic_dolls/new/img469.jpg 125,236,226,397,5 211,234,313,401,4
../images/pic_dolls/new/img47.jpg 201,122,416,341,0 4,114,216,325,0
../images/pic_dolls/new/img470.jpg 46,126,193,321,4 226,118,368,318,5
../images/pic_dolls/new/img471.jpg 40,35,143,200,5 117,35,230,199,4 269,12,366,163,8 232,271,305,368,4 320,266,391,367,5 99,269,191,396,5 25,270,102,380,4
../images/pic_dolls/new/img472.jpg 185,197,365,412,4 103,185,225,404,5 1,173,116,408,11 348,77,416,192,8
../images/pic_dolls/new/img473.jpg 107,223,196,313,11 224,92,263,146,8 260,115,324,199,5 187,150,256,249,4 157,176,237,277,0 218,137,288,224,1 131,125,204,193,3 101,195,157,286,2
../images/pic_dolls/new/img474.jpg 135,162,196,237,11 226,135,286,222,8 285,215,346,309,2 229,234,307,312,4 169,250,237,327,5 137,233,190,316,0 172,221,220,254,1 216,225,267,290,3
../images/pic_dolls/new/img475.jpg 179,204,230,307,8 84,148,145,211,11 252,201,316,305,5 318,191,393,306,4
../images/pic_dolls/new/img477.jpg 247,57,334,157,3 208,33,271,150,1 150,36,232,155,0 91,27,167,152,2 182,251,306,416,8 118,257,201,416,5 12,249,141,414,4
../images/pic_dolls/new/img478.jpg 117,136,211,285,7 199,126,296,287,7 338,4,416,116,4 261,3,337,121,5 171,7,242,120,11 85,4,159,121,5 7,5,81,120,4 337,297,416,408,4 260,299,331,411,4 176,297,245,411,8 78,298,153,412,4 2,296,76,413,5
../images/pic_dolls/new/img479.jpg 167,6,246,129,5 310,6,388,134,5 311,284,387,409,7 167,281,248,411,7 30,147,111,270,8 173,141,247,272,11 24,53,56,118,5 52,51,91,120,4
../images/pic_dolls/new/img48.jpg 108,35,285,365,0 212,59,343,297,1
../images/pic_dolls/new/img480.jpg 140,211,199,308,5 61,212,122,305,4 218,214,280,307,8 300,210,355,308,11 295,317,361,410,2 213,317,270,410,1 135,318,198,413,3 62,316,122,411,0 168,81,216,181,0 107,72,170,177,2 210,77,260,179,1 247,92,316,184,3
../images/pic_dolls/new/img482.jpg 98,38,311,384,1 1,156,132,316,11 2,301,105,416,2 43,1,115,48,7
../images/pic_dolls/new/img483.jpg 34,11,341,413,2
../images/pic_dolls/new/img485.jpg 227,250,369,416,5 45,265,194,416,4
../images/pic_dolls/new/img486.jpg 90,1,288,408,0
../images/pic_dolls/new/img488.jpg 151,1,258,106,1 297,1,375,107,3 238,119,377,300,0 301,308,378,416,11 168,312,255,416,8 39,312,119,416,5 33,1,126,101,2 34,119,168,296,4
../images/pic_dolls/new/img489.jpg 37,14,92,99,4 123,12,180,102,5 216,14,273,101,8 308,12,360,104,11 304,113,365,204,3 215,117,280,203,2 122,113,177,202,1 35,114,91,204,0 27,220,86,310,7 120,221,178,310,7 197,219,279,309,6
../images/pic_dolls/new/img490.jpg 209,46,309,173,6 210,227,307,352,7 315,210,402,356,7 108,44,193,166,1 13,37,99,178,0 11,218,103,347,2 106,215,197,347,3
../images/pic_dolls/new/img491.jpg 236,13,285,94,7 170,11,221,94,7 87,13,159,95,6 100,105,148,188,11 23,106,75,188,8 171,105,221,190,4 235,105,289,190,5 236,199,292,286,2 169,197,221,285,1 96,196,146,287,0 17,197,71,284,3
../images/pic_dolls/new/img492.jpg 102,14,168,107,8 33,13,88,108,4 30,110,97,203,4 100,115,163,205,4 55,219,109,306,4 133,218,196,307,4 67,328,117,405,5 146,323,196,409,11 262,314,313,408,11 339,313,396,407,8 333,212,392,302,8 211,108,272,205,8 285,7,346,103,8 287,109,352,205,4 207,4,275,105,4 259,214,316,302,5
../images/pic_dolls/new/img493.jpg 270,53,324,140,7 185,53,239,141,7 103,49,163,143,5 24,51,82,140,4 26,153,83,246,0 96,154,153,250,1 178,157,243,250,2 265,159,328,251,3 164,270,247,363,6 104,260,162,362,11 23,262,89,358,8
../images/pic_dolls/new/img495.jpg 2,102,230,337,6
../images/pic_dolls/new/img496.jpg 35,127,215,381,4 214,54,373,365,8
../images/pic_dolls/new/img497.jpg 326,132,401,231,8 245,133,323,229,5 204,250,280,337,6 279,242,346,338,1 348,242,413,339,7 11,164,143,326,4 153,141,209,219,4
../images/pic_dolls/new/img499.jpg 112,96,245,340,4 260,87,377,343,5 39,94,81,166,4 77,151,117,210,5 83,263,118,337,11
../images/pic_dolls/new/img50.jpg 1,96,161,315,2 136,59,312,303,0 271,69,416,345,1
../images/pic_dolls/new/img501.jpg 238,149,309,279,5 200,147,255,268,11
../images/pic_dolls/new/img502.jpg 112,160,205,283,11 45,167,123,298,8 214,180,289,299,0 333,177,409,303,4 244,213,345,337,5
../images/pic_dolls/new/img503.jpg 8,67,141,361,8 94,83,237,323,5 214,73,330,307,4 278,61,407,367,11
../images/pic_dolls/new/img504.jpg 42,15,166,217,8 248,10,372,222,8 290,235,397,406,4 145,236,257,405,4 18,243,125,405,4
../images/pic_dolls/new/img505.jpg 198,197,355,395,8 315,12,392,133,5 30,287,110,407,5 16,9,125,132,6 177,13,247,132,11
../images/pic_dolls/new/img506.jpg 90,135,294,357,8 5,102,157,322,1 270,160,416,362,2
../images/pic_dolls/new/img507.jpg 24,2,273,413,4 221,160,306,282,4 248,114,390,276,4
../images/pic_dolls/new/img508.jpg 1,207,122,332,4 282,204,416,331,4 136,104,205,194,4 204,109,268,192,4 255,108,320,193,5 353,108,416,194,5 224,201,326,327,5 176,203,252,314,4 108,202,196,324,5 74,104,161,192,5 35,95,75,192,4 1,98,41,189,4
../images/pic_dolls/new/img509.jpg 120,89,193,180,0 180,86,241,175,2 236,88,300,204,0 1,233,68,317,6
../images/pic_dolls/new/img510.jpg 111,200,165,242,3 82,199,117,241,3 268,262,315,323,3 124,248,201,326,3 231,246,278,325,2 200,108,253,162,0 172,96,209,152,3 235,90,275,156,8 273,200,320,240,4 220,203,278,238,0 196,199,228,238,2 1,77,64,158,4 67,71,118,132,4 43,75,77,117,8 224,328,263,350,0
../images/pic_dolls/new/img511.jpg 203,152,274,248,0 302,161,354,255,0 250,155,310,241,2 199,65,252,135,3 68,306,139,403,6
../images/pic_dolls/new/img513.jpg 1,56,246,364,4 329,235,416,364,5 11,68,103,209,5 221,81,293,216,4 243,64,376,208,4 241,230,306,365,5
../images/pic_dolls/new/img514.jpg 51,73,234,364,5
../images/pic_dolls/new/img516.jpg 64,125,217,364,11 15,123,133,256,8 1,184,99,369,0 202,88,281,197,4 288,142,407,280,2
../images/pic_dolls/new/img517.jpg 5,162,135,341,11 76,175,233,361,8 264,166,410,341,5 219,74,374,255,4 20,59,157,255,5
../images/pic_dolls/new/img518.jpg 70,190,236,369,5 202,175,330,362,4 1,180,101,370,11 42,30,227,197,8
../images/pic_dolls/new/img519.jpg 71,176,229,361,8 263,165,408,342,5 3,161,133,343,11 218,72,373,253,4 18,60,160,227,5
../images/pic_dolls/new/img520.jpg 74,178,143,301,8 117,183,203,304,11 182,190,271,318,2 262,155,346,217,0 212,140,272,200,5 141,137,210,197,4 73,138,150,228,1 7,144,80,249,3
../images/pic_dolls/new/img521.jpg 121,81,285,317,5 219,115,355,309,4
../images/pic_dolls/new/img523.jpg 90,1,313,391,4
../images/pic_dolls/new/img524.jpg 70,10,353,397,4
../images/pic_dolls/new/img526.jpg 147,66,327,377,8 47,81,198,396,11
../images/pic_dolls/new/img527.jpg 283,104,416,315,4 175,121,290,282,4 46,64,90,171,4 27,72,54,172,4 65,40,124,155,5 121,38,203,148,5
../images/pic_dolls/new/img53.jpg 18,115,187,353,1 144,42,397,365,0
../images/pic_dolls/new/img530.jpg 128,84,292,355,4
../images/pic_dolls/new/img533.jpg 23,81,194,388,5 234,103,395,375,4
../images/pic_dolls/new/img534.jpg 17,64,189,313,4 228,59,397,299,5
../images/pic_dolls/new/img535.jpg 119,68,362,372,8
../images/pic_dolls/new/img537.jpg 5,92,172,358,4 253,71,412,371,5
../images/pic_dolls/new/img539.jpg 80,2,328,407,8
../images/pic_dolls/new/img540.jpg 48,148,178,344,4 219,141,345,357,5
../images/pic_dolls/new/img542.jpg 95,12,321,404,8
../images/pic_dolls/new/img544.jpg 107,98,409,351,6
../images/pic_dolls/new/img545.jpg 105,11,305,401,8
../images/pic_dolls/new/img546.jpg 258,90,416,323,5 69,113,190,297,5 159,126,266,302,4 1,139,97,301,0
../images/pic_dolls/new/img547.jpg 42,6,357,390,8
../images/pic_dolls/new/img549.jpg 88,55,304,382,8
../images/pic_dolls/new/img55.jpg 123,95,282,323,0
../images/pic_dolls/new/img550.jpg 157,23,334,332,8
../images/pic_dolls/new/img551.jpg 297,174,366,343,5 27,158,99,315,4
../images/pic_dolls/new/img553.jpg 323,138,405,342,5 5,153,95,337,4
../images/pic_dolls/new/img555.jpg 275,163,347,318,4 140,165,206,313,4 66,174,137,311,5 206,170,275,311,5
../images/pic_dolls/new/img556.jpg 26,152,151,328,5 138,157,234,316,4 190,135,260,253,5 261,126,335,280,4
../images/pic_dolls/new/img557.jpg 105,142,181,319,4 176,146,244,315,5 251,132,315,280,7 315,133,385,272,7 26,169,105,315,0
../images/pic_dolls/new/img558.jpg 196,105,292,321,7 96,96,188,300,7
../images/pic_dolls/new/img559.jpg 213,132,300,256,7 35,132,120,260,7
../images/pic_dolls/new/img56.jpg 24,130,171,362,1 122,135,279,320,6 243,154,398,362,0 229,95,327,193,2
../images/pic_dolls/new/img560.jpg 165,16,396,400,8
../images/pic_dolls/new/img561.jpg 107,10,321,399,11
../images/pic_dolls/new/img562.jpg 92,25,333,396,8
../images/pic_dolls/new/img563.jpg 45,9,372,404,8
../images/pic_dolls/new/img564.jpg 233,197,326,302,10 43,99,228,316,5 311,97,391,202,0
../images/pic_dolls/new/img565.jpg 183,91,337,324,8
../images/pic_dolls/new/img569.jpg 15,83,216,392,8 192,27,394,385,11
../images/pic_dolls/new/img57.jpg 1,140,149,354,0 105,111,183,226,0 235,92,345,237,0 168,125,263,235,2 318,107,416,244,1
../images/pic_dolls/new/img573.jpg 84,47,227,334,8 197,111,346,380,11
../images/pic_dolls/new/img574.jpg 182,16,415,396,11 8,51,226,386,8
../images/pic_dolls/new/img577.jpg 137,54,278,359,5
../images/pic_dolls/new/img578.jpg 112,73,317,338,5 1,52,105,191,4
../images/pic_dolls/new/img581.jpg 76,16,360,416,11
../images/pic_dolls/new/img582.jpg 196,54,346,403,11 42,11,238,391,8
../images/pic_dolls/new/img583.jpg 18,58,239,384,8 174,34,392,377,11
../images/pic_dolls/new/img584.jpg 157,22,337,334,8
../images/pic_dolls/new/img585.jpg 211,76,400,381,8 43,28,266,381,11
../images/pic_dolls/new/img586.jpg 45,8,373,411,8
../images/pic_dolls/new/img587.jpg 105,70,274,355,8
../images/pic_dolls/new/img588.jpg 115,42,303,377,8
../images/pic_dolls/new/img59.jpg 132,132,281,356,0 1,74,168,322,1 254,92,394,293,2
../images/pic_dolls/new/img592.jpg 52,25,359,395,8
../images/pic_dolls/new/img595.jpg 148,69,325,353,8
../images/pic_dolls/new/img596.jpg 37,66,246,340,8 259,173,314,271,4 251,308,290,354,4 324,177,368,289,8 357,194,416,323,11
../images/pic_dolls/new/img597.jpg 33,8,175,208,8 213,18,366,207,8 315,224,416,335,8 31,262,131,414,8
../images/pic_dolls/new/img598.jpg 21,167,143,342,8 97,156,182,306,11 117,69,249,188,7 232,72,311,182,7 282,172,399,331,0 181,165,258,315,5 251,171,316,299,4
../images/pic_dolls/new/img599.jpg 197,95,292,256,0 82,197,194,358,7 1,174,88,335,7 67,268,100,315,7 176,269,215,317,7 204,241,274,355,5 270,238,341,354,4 331,224,416,356,11 277,141,416,250,8 374,161,414,214,11
../images/pic_dolls/new/img6.jpg 13,7,383,408,0
../images/pic_dolls/new/img601.jpg 72,2,181,198,4 245,1,346,197,5 226,201,361,415,11 55,208,196,413,8
../images/pic_dolls/new/img602.jpg 47,1,313,313,4 46,250,401,416,8
../images/pic_dolls/new/img604.jpg 124,1,323,341,8
../images/pic_dolls/new/img609.jpg 91,45,348,403,11
../images/pic_dolls/new/img61.jpg 117,37,317,394,1
../images/pic_dolls/new/img610.jpg 161,97,251,299,8 17,99,112,297,8
../images/pic_dolls/new/img612.jpg 6,95,403,386,8
../images/pic_dolls/new/img613.jpg 5,62,378,398,8
../images/pic_dolls/new/img614.jpg 7,136,398,352,8
../images/pic_dolls/new/img615.jpg 57,134,223,368,8 207,145,384,378,11 257,83,368,242,2 139,31,277,207,0 22,100,137,267,1
../images/pic_dolls/new/img617.jpg 6,66,225,415,8 165,28,411,369,11
../images/pic_dolls/new/img618.jpg 202,61,415,355,11 1,87,203,362,8
../images/pic_dolls/new/img621.jpg 202,77,401,339,11 9,69,241,331,8
../images/pic_dolls/new/img622.jpg 1,121,254,355,6
../images/pic_dolls/new/img623.jpg 129,204,233,399,8 201,223,308,380,11 192,50,293,216,4 279,61,371,208,5
../images/pic_dolls/new/img625.jpg 155,115,284,308,8 1,74,141,373,8 128,78,198,187,8 316,265,416,376,8 258,307,327,383,8 236,75,392,370,11 193,318,270,388,11 105,219,233,395,11 47,298,133,390,11 96,161,189,307,11
../images/pic_dolls/new/img626.jpg 113,79,219,317,11 1,134,135,327,5 265,165,403,337,4 183,106,305,324,8
../images/pic_dolls/new/img628.jpg 98,17,339,395,11
../images/pic_dolls/new/img63.jpg 89,9,321,394,1
../images/pic_dolls/new/img630.jpg 121,15,292,401,11
../images/pic_dolls/new/img631.jpg 112,31,296,377,11
../images/pic_dolls/new/img632.jpg 91,15,319,373,11
../images/pic_dolls/new/img633.jpg 160,84,362,415,8 12,1,172,228,8
../images/pic_dolls/new/img634.jpg 93,23,324,381,11
../images/pic_dolls/new/img635.jpg 161,65,331,320,11 151,190,286,388,8 52,85,202,316,8
../images/pic_dolls/new/img636.jpg 198,38,388,382,8 35,24,221,399,11
../images/pic_dolls/new/img637.jpg 80,187,182,315,8 49,52,218,295,8 198,114,295,232,8 228,224,270,300,8 259,225,306,303,8 300,175,380,266,8
../images/pic_dolls/new/img638.jpg 77,28,273,367,11
../images/pic_dolls/new/img639.jpg 141,4,400,413,11 14,18,231,401,8
../images/pic_dolls/new/img64.jpg 124,7,321,381,1
../images/pic_dolls/new/img641.jpg 94,127,227,302,11 206,93,370,288,8
../images/pic_dolls/new/img642.jpg 109,19,278,404,11
../images/pic_dolls/new/img643.jpg 156,116,291,379,11 1,97,179,380,8
../images/pic_dolls/new/img644.jpg 231,147,302,321,8 122,185,277,383,11
../images/pic_dolls/new/img646.jpg 136,44,310,375,11
../images/pic_dolls/new/img648.jpg 84,30,338,397,3
../images/pic_dolls/new/img649.jpg 74,1,331,401,11 279,56,388,140,4 252,137,343,210,4
../images/pic_dolls/new/img65.jpg 105,43,350,374,1
../images/pic_dolls/new/img651.jpg 80,33,321,323,3
../images/pic_dolls/new/img652.jpg 75,32,327,375,0
../images/pic_dolls/new/img653.jpg 238,36,317,183,2 82,18,189,184,1 1,22,57,202,0 1,242,41,386,0 87,222,187,385,1 243,241,333,396,2 356,263,416,397,3 364,28,416,164,3
../images/pic_dolls/new/img654.jpg 141,82,236,297,11 223,93,327,302,8
../images/pic_dolls/new/img655.jpg 193,80,340,298,8 107,93,206,289,11
../images/pic_dolls/new/img658.jpg 130,107,269,339,7 6,113,159,316,7 265,92,412,346,8
../images/pic_dolls/new/img659.jpg 109,127,209,323,8 196,131,303,331,11
../images/pic_dolls/new/img66.jpg 81,11,330,410,1
../images/pic_dolls/new/img660.jpg 96,81,222,277,4 194,54,312,253,5 74,289,229,415,8
../images/pic_dolls/new/img661.jpg 83,127,200,382,5 184,144,334,392,4
../images/pic_dolls/new/img662.jpg 1,82,195,396,4 230,78,399,383,5 136,84,253,245,4 227,53,327,106,5 25,51,144,122,4 356,84,416,231,8
../images/pic_dolls/new/img663.jpg 31,62,176,287,1 110,18,249,199,0 260,171,384,362,3 250,96,356,192,2
../images/pic_dolls/new/img664.jpg 106,81,322,347,7
../images/pic_dolls/new/img665.jpg 59,1,304,376,11 299,162,416,374,5 264,98,355,176,4
../images/pic_dolls/new/img666.jpg 164,73,337,348,8 23,53,182,294,11
../images/pic_dolls/new/img667.jpg 107,28,306,375,5
../images/pic_dolls/new/img668.jpg 110,94,310,386,11
../images/pic_dolls/new/img670.jpg 21,8,332,395,6
../images/pic_dolls/new/img671.jpg 4,14,402,385,6
../images/pic_dolls/new/img672.jpg 205,93,370,287,8 94,126,211,296,11
../images/pic_dolls/new/img673.jpg 220,135,290,225,1 260,115,321,201,5 186,149,256,248,4 157,176,238,280,0 106,218,195,313,11 101,195,157,241,2 131,124,205,195,3 224,93,263,145,8
../images/pic_dolls/new/img676.jpg 16,154,184,358,11 281,91,412,281,8
../images/pic_dolls/new/img677.jpg 231,75,326,217,0 150,76,257,222,2 138,252,222,358,3 38,221,162,361,1
../images/pic_dolls/new/img679.jpg 108,49,338,400,7
../images/pic_dolls/new/img68.jpg 3,116,128,314,2 124,176,245,330,0 233,78,312,258,1 263,183,412,332,3
../images/pic_dolls/new/img680.jpg 130,191,205,304,3 176,189,242,303,2 223,187,280,313,0 277,186,331,322,8 324,183,378,320,11 366,175,416,315,4 93,175,165,298,1 52,183,113,297,7 1,180,68,299,7
../images/pic_dolls/new/img682.jpg 10,124,413,377,6
../images/pic_dolls/new/img685.jpg 138,292,238,414,7 139,188,236,312,7 140,103,243,202,4 139,36,246,132,5
../images/pic_dolls/new/img686.jpg 27,6,385,389,6
../images/pic_dolls/new/img687.jpg 149,105,300,368,6 57,221,119,286,6
../images/pic_dolls/new/img689.jpg 39,57,372,374,6
../images/pic_dolls/new/img691.jpg 80,31,342,391,6
../images/pic_dolls/new/img692.jpg 97,61,368,375,6
../images/pic_dolls/new/img693.jpg 68,15,361,391,6
../images/pic_dolls/new/img694.jpg 51,16,347,209,6
../images/pic_dolls/new/img695.jpg 8,125,409,368,6
../images/pic_dolls/new/img696.jpg 98,57,325,338,6
../images/pic_dolls/new/img697.jpg 65,64,382,362,6
../images/pic_dolls/new/img698.jpg 35,45,377,369,6
../images/pic_dolls/new/img699.jpg 22,57,407,359,6
../images/pic_dolls/new/img70.jpg 130,99,270,304,0 265,181,400,327,3 249,115,331,218,1 53,81,165,312,2
../images/pic_dolls/new/img700.jpg 94,27,354,407,6
../images/pic_dolls/new/img701.jpg 273,122,388,311,6
../images/pic_dolls/new/img702.jpg 92,52,295,355,6
../images/pic_dolls/new/img703.jpg 71,1,393,250,6 38,262,192,409,6 224,266,403,410,6
../images/pic_dolls/new/img704.jpg 40,58,362,376,6
../images/pic_dolls/new/img705.jpg 12,87,398,320,6
../images/pic_dolls/new/img706.jpg 13,92,402,308,6
../images/pic_dolls/new/img708.jpg 8,83,416,396,6
../images/pic_dolls/new/img709.jpg 57,38,335,331,6
../images/pic_dolls/new/img71.jpg 208,148,293,303,1 126,130,236,309,0 18,167,140,315,3 258,115,410,327,2
../images/pic_dolls/new/img710.jpg 31,32,414,394,6
../images/pic_dolls/new/img711.jpg 1,11,416,379,6
../images/pic_dolls/new/img712.jpg 1,69,415,321,6
../images/pic_dolls/new/img714.jpg 115,100,307,347,6
../images/pic_dolls/new/img715.jpg 148,158,416,412,6 1,20,275,238,6
../images/pic_dolls/new/img717.jpg 7,156,194,326,6 248,147,412,304,6
../images/pic_dolls/new/img718.jpg 11,93,405,343,6
../images/pic_dolls/new/img72.jpg 167,72,271,241,0 120,68,197,234,2 87,96,137,224,1 1,150,103,251,3
../images/pic_dolls/new/img720.jpg 50,187,153,342,6 102,130,248,260,6 154,49,286,151,6 243,176,363,291,6 240,256,364,388,6 176,242,235,282,6
../images/pic_dolls/new/img722.jpg 126,123,292,303,10
../images/pic_dolls/new/img723.jpg 5,32,407,385,10
../images/pic_dolls/new/img724.jpg 88,92,356,325,10
../images/pic_dolls/new/img725.jpg 50,104,329,315,10
../images/pic_dolls/new/img727.jpg 89,106,329,311,10
../images/pic_dolls/new/img728.jpg 248,119,415,323,10
../images/pic_dolls/new/img729.jpg 150,176,309,338,10
../images/pic_dolls/new/img731.jpg 266,131,360,274,10
../images/pic_dolls/new/img733.jpg
../images/pic_dolls/new/img734.jpg
../images/pic_dolls/new/img735.jpg 12,143,128,302,10
../images/pic_dolls/new/img736.jpg
../images/pic_dolls/new/img737.jpg 53,125,298,326,10
../images/pic_dolls/new/img74.jpg 1,130,104,346,1 47,158,166,329,2 137,157,241,321,0 272,152,416,269,3
../images/pic_dolls/new/img743.jpg 21,130,215,292,10
../images/pic_dolls/new/img744.jpg 66,29,297,324,10
../images/pic_dolls/new/img745.jpg 21,94,238,330,10 234,176,396,297,10
../images/pic_dolls/new/img747.jpg 123,156,239,287,10
../images/pic_dolls/new/img749.jpg 6,127,269,345,10
../images/pic_dolls/new/img75.jpg 1,162,98,271,2 43,79,155,250,2 125,110,185,227,1 170,81,261,245,0
../images/pic_dolls/new/img750.jpg 152,119,273,275,10
../images/pic_dolls/new/img751.jpg 124,117,286,285,10
../images/pic_dolls/new/img752.jpg 186,124,266,204,10
../images/pic_dolls/new/img753.jpg 183,122,337,306,10
../images/pic_dolls/new/img754.jpg 202,70,384,313,7 81,68,213,300,7
../images/pic_dolls/new/img756.jpg 217,114,361,312,7 82,82,227,311,7
../images/pic_dolls/new/img757.jpg 181,96,348,310,7 73,102,215,312,7
../images/pic_dolls/new/img759.jpg 102,65,271,341,7
../images/pic_dolls/new/img760.jpg 71,7,337,391,7
../images/pic_dolls/new/img761.jpg 206,67,320,286,7 98,66,213,282,7
../images/pic_dolls/new/img762.jpg 113,5,294,373,7
../images/pic_dolls/new/img763.jpg 199,166,330,352,7 75,168,216,357,7
../images/pic_dolls/new/img764.jpg 187,46,358,320,7 78,83,221,346,7
../images/pic_dolls/new/img766.jpg 291,128,412,298,7 199,127,321,295,10 92,117,221,286,6 1,111,120,283,0
../images/pic_dolls/new/img767.jpg 199,1,416,348,7 1,46,203,348,7
../images/pic_dolls/new/img768.jpg 33,105,205,335,7 173,115,398,337,7
../images/pic_dolls/new/img769.jpg 100,147,220,326,7 208,79,353,327,7
../images/pic_dolls/new/img77.jpg 225,145,384,271,3 255,10,363,137,1 37,146,177,272,2 31,10,178,136,0
../images/pic_dolls/new/img771.jpg 205,120,355,311,7 43,116,198,307,7
../images/pic_dolls/new/img772.jpg 89,51,295,341,7
../images/pic_dolls/new/img774.jpg 117,126,221,300,7 6,111,134,298,0 214,126,333,296,6
../images/pic_dolls/new/img775.jpg 250,129,365,286,7 79,128,205,275,7
../images/pic_dolls/new/img776.jpg 183,2,340,215,7 73,55,180,211,7 79,214,184,407,7 212,215,345,408,7
../images/pic_dolls/new/img777.jpg 42,127,225,345,7 217,120,383,343,7
../images/pic_dolls/new/img778.jpg 75,125,205,301,7 179,130,330,306,7
../images/pic_dolls/new/img779.jpg 47,128,228,340,7 215,138,370,353,7
../images/pic_dolls/new/img78.jpg 31,106,168,348,1 226,192,388,364,1 129,65,311,324,0
../images/pic_dolls/new/img780.jpg 205,120,354,310,7 41,115,197,308,7
../images/pic_dolls/new/img782.jpg 45,70,211,287,7 205,71,351,282,7
../images/pic_dolls/new/img783.jpg 121,4,304,355,7
../images/pic_dolls/new/img784.jpg 156,88,260,225,7 147,192,261,400,7
../images/pic_dolls/new/img786.jpg 66,6,206,207,7 212,19,342,203,7 219,246,338,410,7 99,267,214,413,7
../images/pic_dolls/new/img788.jpg 229,179,316,318,7 130,197,217,321,7
../images/pic_dolls/new/img789.jpg 247,98,312,177,7 312,70,413,176,7 270,255,402,397,4 199,284,281,386,4 92,50,201,200,0 32,97,98,195,0 66,276,153,396,8 9,316,72,391,8
../images/pic_dolls/new/img79.jpg 175,152,357,356,0 288,91,413,314,1 131,42,251,306,2 3,150,190,350,3
../images/pic_dolls/new/img790.jpg 196,66,362,316,7 70,112,212,329,7
../images/pic_dolls/new/img791.jpg 171,90,331,308,7 33,91,194,330,7
../images/pic_dolls/new/img792.jpg 193,54,396,353,7 20,47,205,367,7
../images/pic_dolls/new/img793.jpg 205,120,353,311,7 43,116,197,308,7
../images/pic_dolls/new/img794.jpg 206,70,398,367,7 15,67,212,373,7
../images/pic_dolls/new/img795.jpg 190,47,397,384,7 35,51,217,382,7
../images/pic_dolls/new/img796.jpg 201,94,394,332,7 12,93,212,325,7
../images/pic_dolls/new/img798.jpg 197,95,368,399,7 67,101,209,385,7
../images/pic_dolls/new/img799.jpg 205,110,362,343,7 64,104,206,337,7
../images/pic_dolls/new/img80.jpg 105,43,351,371,1
../images/pic_dolls/new/img800.jpg 210,80,381,387,7 41,58,215,359,7
../images/pic_dolls/new/img81.jpg 116,75,298,375,2
../images/pic_dolls/new/img82.jpg 99,12,307,383,1
../images/pic_dolls/new/img83.jpg 95,1,349,413,1
../images/pic_dolls/new/img84.jpg 88,5,313,413,1
../images/pic_dolls/new/img86.jpg 68,26,313,396,1
../images/pic_dolls/new/img87.jpg 141,4,312,412,1
../images/pic_dolls/new/img89.jpg 1,80,415,335,1
../images/pic_dolls/new/img9.jpg 43,15,372,399,0
../images/pic_dolls/new/img90.jpg 135,43,354,338,1
../images/pic_dolls/new/img91.jpg 187,76,403,408,1 50,2,308,412,1 13,150,214,411,1
../images/pic_dolls/new/img93.jpg 85,42,307,383,1
../images/pic_dolls/new/img94.jpg 74,5,233,238,1
../images/pic_dolls/new/img95.jpg 198,91,314,311,1 84,137,199,317,0
../images/pic_dolls/new/img99.jpg 235,1,407,370,1 5,41,283,401,0
